108   Starting here is Reference_Application_Concepts-20.xml
121
512
924
1065
1066
1067
1284
1343
1498
1499
1500
5085
5086
5087
5088
5089
5090
5092
5242
5622
71617
72609
72681
73667
77413
77414
77419
80106
84462
104811
104813
105232
111061
118773
120148
121629
121677
136455
139084
139581
140039
142412
143264
148787
148888
159098
159347
159392
159393
159394
159943
159944
159945
159946
159947
159948
160249
160250
161602
161908
162169
162170
162171
162172
162175
162176
162177
162297
162298
162299
162301
162302
162305
162306
162307
162536
162537
162538
162539
162540
162541
162542
162543
162544
162545
162546
162547
162548
162552
162553
162554
162555
162819
162820
162821
162822
163139
108		starting here is Reference_Application_Order_Entry_and_Allergies_Concepts-15.xml
121
512
924
1000
1001
1002
1004
1065
1066
1067
1072
1073
1074
1098
1099
1498
1499
1500
1513
1514
1518
1608
1732
1733
1734
1822
5622
71617
72609
72681
73667
77413
77414
77419
80106
84462
104811
104813
105232
111061
117399
118773
120148
121629
121677
136455
139084
139581
140039
140238
142412
143264
148787
148888
159098
159347
159993
159994
159995
160240
160241
160242
160243
160245
160858
160859
160860
160861
160862
160863
160864
160865
160866
160867
160868
160869
160870
160871
160872
161253
161553
161554
162135
162170
162171
162172
162175
162176
162177
162243
162244
162245
162246
162247
162248
162249
162250
162251
162252
162253
162254
162255
162256
162257
162262
162263
162264
162297
162298
162299
162301
162302
162305
162306
162307
162335
162351
162352
162353
162354
162355
162356
162357
162358
162359
162360
162361
162362
162363
162364
162365
162366
162367
162368
162369
162370
162371
162372
162373
162374
162375
162376
162377
162378
162379
162380
162381
162382
162383
162384
162385
162386
162387
162388
162389
162390
162391
162392
162393
162394
162395
162396
162397
162398
162399
162400
162401
162402
162403
162476
162536
162537
162538
162539
162540
162541
162542
162543
162544
162545
162546
162547
162548
162552
162553
162554
162555
162582
162583
162798
162824
160167 There is a lot in Reference_Application_Diagnoses-8.xml but I think they should all be descendents of this one